"" "" "" "" "" "y"
"1" 0.417452968657017 0.366386962588876 0.884195269783959 0.54025966161862 0.318753923289478 14.0825767704438
"2" 0.236482948297635 0.212237525032833 0.792982272338122 0.350620510056615 0.228834759443998 7.0908987450907
"3" 0.0219250598456711 0.961244051577523 0.485838045366108 0.827200728235766 0.440665141446516 10.941796866524
"4" 0.888902375707403 0.804554128320888 0.83561978302896 0.88359483378008 0.950415190774947 22.5551148256179
"5" 0.150361493462697 0.0298627046868205 0.790711929323152 0.538010257296264 0.695297942962497 9.76668298902774
"6" 0.531319511588663 0.255146640818566 0.366782003547996 0.889183420455083 0.953532390063629 18.4264344204982
"7" 0.419541217386723 0.288724401732907 0.192960003623739 0.494205564493313 0.739565820200369 14.0290091672097
"8" 0.901167725678533 0.0160504318773746 0.26532029826194 0.375991338398308 0.234946748474613 7.253990059468
"9" 0.580994652351364 0.169808602426201 0.506290049757808 0.0965206169057637 0.508522532880306 6.09532232053895
"10" 0.588315896457061 0.377205890603364 0.15883540851064 0.0905051359441131 0.820615945151076 14.4074703607069
"11" 0.398040953557938 0.988211129792035 0.631043238332495 0.0399605857674032 0.278897705487907 13.0002077611029
"12" 0.922743492526934 0.562069976003841 0.585426477482542 0.223342421464622 0.581608350388706 15.0321629750684
"13" 0.113134082872421 0.365616149734706 0.157984951743856 0.337803184520453 0.284335575997829 8.55527051797769
"14" 0.356663399841636 0.960203482303768 0.540421476121992 0.0107929259538651 0.244643305195495 9.52221528077071
"15" 0.264919796027243 0.916271134046838 0.346301861805841 0.499816272640601 0.740933532826602 15.5551923190775
"16" 0.980642372043803 0.273861341178417 0.543730013538152 0.334937014617026 0.501765799010172 13.9172372454587
"17" 0.938648575684056 0.540623136563227 0.645981399342418 0.227050644112751 0.596510679228231 14.9560431493787
"18" 0.62143338797614 0.245061038760468 0.951407607877627 0.920249263523147 0.85083648795262 21.3487618420175
"19" 0.744286224478856 0.49306318233721 0.283915626816452 0.486414968967438 0.249394628917798 17.0260976143824
"20" 0.333012397633865 0.331032564165071 0.56051561050117 0.0712014080490917 0.258582748938352 6.84111342104505
"21" 0.580373788019642 0.212490892736241 0.772036164533347 0.907176847336814 0.328006473835558 15.8721991260656
"22" 0.418816044460982 0.799662720179185 0.252415788127109 0.681430302560329 0.437479839893058 18.4460631414972
"23" 0.842180792940781 0.237710231449455 0.893372563645244 0.889368631644174 0.805478237336501 22.4446361703689
"24" 0.935450898949057 0.718761161668226 0.601705718552694 0.671344098402187 0.0462307550478727 16.9707687381707
"25" 0.808797042118385 0.51486786827445 0.576311740791425 0.520202855812386 0.758878291351721 17.6743737051281
"26" 0.692865415476263 0.470444546313956 0.75805523712188 0.275904467329383 0.855601270217448 16.1198712419142
"27" 0.60294046998024 0.761220169719309 0.406588803976774 0.450226818677038 0.186308588832617 16.2589955765483
"28" 0.177922866307199 0.540198615286499 0.300323345465586 0.0360811080317944 0.19764627283439 2.84438397062884
"29" 0.284570594783872 0.189394776476547 0.0751288747414947 0.837591894436628 0.0793250123970211 12.1697863447026
"30" 0.478724404703826 0.713005383498967 0.87561023212038 0.594709143741056 0.00697868131101131 17.1790799120078
"31" 0.706500922329724 0.271348353708163 0.515663558617234 0.478122546803206 0.170082145836204 11.7957442449097
"32" 0.437117141205817 0.443493852391839 0.499860641313717 0.682310102973133 0.343981063459069 13.6740821780334
"33" 0.708991709630936 0.89636535034515 0.0441736120264977 0.644782939692959 0.795703572686762 23.5333527570628
"34" 0.306796116521582 0.480491695692763 0.781877371482551 0.754517239285633 0.42939947382547 14.8568755927573
"35" 0.174462075578049 0.546737544005737 0.146411832189187 0.361957443179563 0.791183675406501 13.3984977803981
"36" 0.690947560360655 0.844745903508738 0.66708450531587 0.144199874484912 0.905294043244794 17.7304448218951
"37" 0.656856768066064 0.708399164723232 0.502522348659113 0.320770938647911 0.497575250454247 15.6463279218683
"38" 0.499941414222121 0.445034086005762 0.957482152618468 0.296115286182612 0.736614274093881 17.4838297936994
"39" 0.0312949763610959 0.415004764450714 0.274873485788703 0.941152077401057 0.134862689068541 12.045998183316
"40" 0.192760946461931 0.396855971310288 0.821166767040268 0.0974291614256799 0.88235603296198 10.5420860079219
"41" 0.0587445385754108 0.109833467053249 0.249702659901232 0.481844538357109 0.0532298525795341 8.74631824944907
"42" 0.343230603961274 0.436031592776999 0.531443605199456 0.0619176279287785 0.241608588024974 4.8641221457495
"43" 0.487473235465586 0.810540210688487 0.272496080491692 0.849695048062131 0.634914437541738 22.2687967569228
"44" 0.498189854202792 0.725630715955049 0.395601620199159 0.260828326223418 0.873045762069523 18.2617429445333
"45" 0.259602939710021 0.300085393944755 0.588398745749146 0.00133214751258492 0.807500414783135 6.0911261752387
"46" 0.139497307827696 0.076128656277433 0.381135676521808 0.744527012575418 0.649366298923269 11.6010376847507
"47" 0.0523154595866799 0.131716636940837 0.22985136997886 0.185506083071232 0.547653376590461 6.23815510297833
"48" 0.651786613976583 0.756929186172783 0.904165020911023 0.822761339135468 0.000428216764703393 19.0957812775569
"49" 0.341594801051542 0.800837440416217 0.739679023623466 0.461905752308667 0.012125824810937 15.0407068007673
"50" 0.686849876306951 0.685244563501328 0.590997006045654 0.934229118283838 0.75108581315726 23.0555359037573
"51" 0.49295169999823 0.0118053760379553 0.0854369776789099 0.618196006631479 0.446737783029675 13.711267071727
"52" 0.350331927649677 0.733611924108118 0.827304454054683 0.995089654577896 0.9159972271882 23.667581153433
"53" 0.438548672944307 0.718298979103565 0.744576213881373 0.126128537813202 0.932721510995179 15.4642860146703
"54" 0.794933858793229 0.450812616851181 0.096422681119293 0.659174589207396 0.105424069100991 19.6903379243672
"55" 0.965755434706807 0.468367357971147 0.466532770544291 0.652546656318009 0.368968346854672 18.0560570281925
"56" 0.0135541399940848 0.720047091832384 0.997791287489235 0.78343743737787 0.162964517483488 13.5146659626663
"57" 0.74835503147915 0.719307342544198 0.1025392615702 0.514494412811473 0.240403313422576 21.2350397639875
"58" 0.490605521947145 0.780566734960303 0.87242563161999 0.029973158147186 0.768361339811236 16.7109431419126
"59" 0.0675397790037096 0.642477583838627 0.15453903703019 0.992911806562915 0.852968007326126 17.7090775005941
"60" 0.820999226300046 0.354293037205935 0.916538543999195 0.781428792281076 0.0708580028731376 20.5102156642726
"61" 0.118164540734142 0.942166083492339 0.906617108965293 0.182245975360274 0.531195672461763 12.1268952746367
"62" 0.0724245710298419 0.198426287155598 0.541675800923258 0.602191329933703 0.673644062597305 9.95131871756734
"63" 0.309880288783461 0.523607971612364 0.232723336433992 0.432460816809908 0.506988932611421 11.1172628490945
"64" 0.139703397406265 0.940855461638421 0.906400970881805 0.177472727140412 0.637486016610637 11.8019404516971
"65" 0.311699276790023 0.541029405314475 0.022982134250924 0.398223524447531 0.578746331157163 14.3268933929308
"66" 0.871979674790055 0.305702630896121 0.821998838335276 0.314505234360695 0.080690199509263 12.4451314070365
"67" 0.625060342950746 0.27089882385917 0.119527650531381 0.494746808428317 0.857951906975359 16.6999575228887
"68" 0.42843818035908 0.0784720806404948 0.836813231697306 0.693066859384999 0.744783281814307 11.4020713558665
"69" 0.183689339784905 0.340479619801044 0.926303316839039 0.123432315886021 0.48330886894837 9.0000067584461
"70" 0.853358319960535 0.403826102847233 0.619169958634302 0.245016389526427 0.629298009211197 16.14622795738
"71" 0.55018048430793 0.375189694110304 0.392200313042849 0.381188723258674 0.444435815094039 10.3223220081697
"72" 0.669967585476115 0.647395284846425 0.176417851354927 0.947014203295112 0.36838800390251 22.9751911014614
"73" 0.222099120495841 0.805067342240363 0.480089384596795 0.474155586445704 0.844310936518013 14.0729421415719
"74" 0.971341210417449 0.00369758787564933 0.911485904129222 0.609412047313526 0.187869997229427 10.1315214315198
"75" 0.883988824905828 0.831800153013319 0.450002298690379 0.125965807819739 0.18354429374449 10.185536705243
"76" 0.237246223492548 0.502419228665531 0.83550753747113 0.974922133842483 0.576993358321488 20.2418585954209
"77" 0.500838038045913 0.887579863192514 0.413170709041879 0.0986653780564666 0.620436751283705 13.2097589188192
"78" 0.481237389147282 0.672975034452975 0.227602276951075 0.85327659919858 0.0126858209259808 18.4369640276635
"79" 0.70299322786741 0.892972802743316 0.420044826343656 0.878622733987868 0.882314248941839 22.0847857691221
"80" 0.0314575671218336 0.293360811891034 0.918678320711479 0.686896255007014 0.986892513465136 15.0030843498468
"81" 0.525296302279457 0.712382507044822 0.64522421779111 0.822547896765172 0.32446276769042 18.2256242786347
"82" 0.994727154960856 0.847676830599084 0.287157052895054 0.981652139453217 0.661820577457547 16.8963915650732
"83" 0.221798632759601 0.669200618751347 0.379200281808153 0.309483351651579 0.13375472696498 7.76026909985356
"84" 0.32518183789216 0.374318029731512 0.637628048891202 0.924189950106665 0.112534199375659 12.0273590918261
"85" 0.380416496424004 0.456410436192527 0.405111557804048 0.653033199952915 0.319664020789787 12.2362665010798
"86" 0.422169402474537 0.60080090817064 0.760371474782005 0.131434465292841 0.476936672348529 12.4709866243896
"87" 0.827690389472991 0.51427185558714 0.435722867725417 0.0635471227578819 0.486132657853886 12.259983450645
"88" 0.674494894221425 0.358592201489955 0.580498196883127 0.631847768556327 0.868858862202615 18.7269118552755
"89" 0.428581548389047 0.973145328927785 0.146425653714687 0.595428886823356 0.909393472131342 22.7235249221792
"90" 0.158118066145107 0.417837074259296 0.979196488158777 0.543484930880368 0.120571087347344 12.4194361425862
"91" 0.617030270164832 0.8878590001259 0.576332423370332 0.606711840257049 0.816781157627702 19.8470190446253
"92" 0.488011183449998 0.77250303607434 0.867728766286746 0.655692886561155 0.475018198369071 22.629058509382
"93" 0.613438167376444 0.827807996422052 0.846338529139757 0.351249240338802 0.0826715694274753 17.5823600517089
"94" 0.139912787359208 0.061792325694114 0.101768690859899 0.558026710757986 0.793602611636743 12.7796478829558
"95" 0.512713058851659 0.583121544215828 0.0797721068374813 0.787472176365554 0.157488586613908 18.6738403995842
"96" 0.586148903006688 0.11180122802034 0.408711783820763 0.349120802711695 0.568464622832835 7.93666805137084
"97" 0.214104320155457 0.921597559470683 0.264739455189556 0.586535949259996 0.329379956936464 13.8632331757648
"98" 0.899736983468756 0.821101566078141 0.977109041297808 0.756679068086669 0.597299210727215 22.3053781335947
"99" 0.31711929035373 0.728905581403524 0.554698495659977 0.955450444715098 0.535040793241933 18.2915758079509
"100" 0.749887055251747 0.530424187891185 0.197135004447773 0.320458454545587 0.490598886972293 17.9301584959306
"101" 0.300004746764898 0.755459358682856 0.819822466699407 0.109832163667306 0.195174830732867 9.73565837149111
"102" 0.295077960938215 0.987688040360808 0.0256934058852494 0.581891488516703 0.243654006393626 17.9683651385522
"103" 0.877264044014737 0.0728556097019464 0.192042414098978 0.639811486937106 0.891380785033107 14.6849066638983
"104" 0.768865125020966 0.237676173681393 0.299993137596175 0.659538005013019 0.851170350098982 16.8603655107983
"105" 0.547851684037596 0.549283316358924 0.0613937063608319 0.914352316176519 0.512684829765931 23.5761635986707
"106" 0.816796441329643 0.513458478730172 0.129359785467386 0.0848181997425854 0.816302318591624 18.9410569498396
"107" 0.70583574892953 0.0530771154444665 0.518855896778405 0.940380539977923 0.0829239685554057 11.0361481098415
"108" 0.585669901920483 0.682554812636226 0.0456550931558013 0.760058033280075 0.636994590517133 22.4234233110033
"109" 0.58977232221514 0.80495319282636 0.33334517874755 0.0943229668773711 0.916742441710085 14.9769371079855
"110" 0.194807426305488 0.633065941045061 0.275698051322252 0.913526483811438 0.782523462781683 17.9767159797584
"111" 0.274906361708418 0.924396500689909 0.187678299145773 0.291350586107001 0.969592296984047 14.0769533057322
"112" 0.349866904783994 0.0412657675333321 0.147504366002977 0.306705977767706 0.00859735975973308 6.78821191923459
"113" 0.347147963475436 0.130192304961383 0.980100069427863 0.102033674251288 0.0336217016447335 7.13803224449163
"114" 0.0971961508039385 0.939289493951946 0.363326756283641 0.0892065493389964 0.566535109188408 6.58119790233003
"115" 0.222999321296811 0.938105441397056 0.510269703576341 0.214926908025518 0.639301052549854 13.2245015729525
"116" 0.520544417668134 0.98528031934984 0.629059390397742 0.0357542219571769 0.657020294805989 14.3458858560743
"117" 0.521112411748618 0.646110872738063 0.942667696624994 0.765850973781198 0.612783869262785 22.6319431928963
"118" 0.507794124772772 0.739098565187305 0.381764706922695 0.504609838593751 0.693008086178452 18.0260148147799
"119" 0.845528641715646 0.549637925811112 0.82363931229338 0.438219972187653 0.964401655597612 22.8649078007925
"120" 0.654443708946928 0.0314302996266633 0.941657455870882 0.182068109046668 0.410722539760172 7.54723684542906
"121" 0.374791067093611 0.162672567181289 0.464929313398898 0.162403138820082 0.239232266554609 4.39135877970561
"122" 0.607812507310882 0.387084213318303 0.626865774160251 0.0706819780170918 0.922962484648451 12.2360410966788
"123" 0.446438730927184 0.837354798568413 0.256675098557025 0.93863350735046 0.417831362923607 23.2889151231942
"124" 0.217402452137321 0.291537085548043 0.365458080079406 0.0978657228406519 0.456382411299273 4.82590717957083
"125" 0.310675717191771 0.0990142591763288 0.0883087834808975 0.868403689237311 0.589543535839766 15.1395620021472
"126" 0.347313223406672 0.525714677991346 0.581256550038233 0.121806952403858 0.344932708656415 7.21221631045609
"127" 0.534970644162968 0.709186050342396 0.615867302520201 0.0280084030237049 0.34156122803688 11.1376871218847
"128" 0.575809986563399 0.259279860416427 0.285838590702042 0.515830500749871 0.886905056424439 15.074812009089
"129" 0.143571973079816 0.0563293450977653 0.810783815803006 0.304957071319222 0.711730977753177 8.64031043806411
"130" 0.971372783882543 0.249011490261182 0.978127809474245 0.274696117034182 0.640985901234671 17.2587195073686
"131" 0.761504522059113 0.0204200809821486 0.980486788321286 0.962284197797999 0.853892765007913 18.8774542656258
"132" 0.0992524265311658 0.0831464459188282 0.803910690825433 0.748038470512256 0.0927468505688012 9.0408996689257
"133" 0.484847548417747 0.946614378830418 0.992424331372604 0.130595603957772 0.465240958146751 16.8642897420462
"134" 0.571575393900275 0.527582585113123 0.682030640542507 0.495770786190405 0.971054827328771 18.1261624119084
"135" 0.0102125883568078 0.420629341620952 0.945442160824314 0.883648737566546 0.813645080896094 16.3327153046104
"136" 0.0885675689205527 0.0797455532010645 0.590785569045693 0.721901645185426 0.397501261672005 10.1811606238041
"137" 0.284597435267642 0.604328674031422 0.0744217871688306 0.212304903194308 0.419866925803944 13.6366687984167
"138" 0.738214316777885 0.194080265704542 0.453641174826771 0.675627354765311 0.924865996930748 15.0550398639377
"139" 0.134534088196233 0.238460812717676 0.343839921755716 0.465702014509588 0.972613130230457 12.6060056561299
"140" 0.177983998088166 0.0062307973857969 0.570014266530052 0.742214985191822 0.29965794715099 9.26753725821056
"141" 0.635128871770576 0.486175324302167 0.393199146492407 0.542522680480033 0.0647143081296235 14.4859340417235
"142" 0.803711385233328 0.0724906229879707 0.212442082818598 0.436408435925841 0.812818592647091 13.2604181714731
"143" 0.935179531341419 0.199640362057835 0.998438532697037 0.904071927303448 0.742366638965905 23.8504675929496
"144" 0.0712112351320684 0.828947928035632 0.938080955296755 0.954585944768041 0.918219237588346 20.8487316030356
"145" 0.478079877560958 0.200555785093457 0.247675184858963 0.159586328314617 0.155125672230497 5.97597686729967
"146" 0.148608696414158 0.91497805272229 0.945530097465962 0.5419505268801 0.973636776907369 18.2560970848093
"147" 0.316418319009244 0.602653865935281 0.45788430608809 0.901761014014482 0.752613806398585 17.8836028123976
"148" 0.331680837552994 0.0857409082818776 0.606426844373345 0.343232410261407 0.255529246293008 4.06019335502017
"149" 0.933343418873847 0.290991949150339 0.0873187899123877 0.702262808103114 0.232840500306338 20.5465202341288
"150" 0.815824524732307 0.0448948848061264 0.471651216270402 0.279186392202973 0.0278519405983388 2.61722146918671
"151" 0.446420158492401 0.107129300013185 0.551927789114416 0.537201251834631 0.497235019691288 10.3990288640372
"152" 0.863819802645594 0.502414165763184 0.268651618622243 0.380677250912413 0.271126939449459 15.9521919363763
"153" 0.882530911127105 0.903866109671071 0.921128478832543 0.474691831041127 0.46796706574969 16.8281251019113
"154" 0.0941497206222266 0.263407346094027 0.977596483658999 0.469172800891101 0.417608601506799 11.4986040243981
"155" 0.297830859664828 0.445182259427384 0.210497453575954 0.265816122293472 0.0793423783034086 8.00064845541892
"156" 0.0278113535605371 0.684266366064548 0.905270498944446 0.682017788989469 0.845370466122404 15.2447572526185
"157" 0.331708657089621 0.871465944685042 0.361654486740008 0.515760563546792 0.910721594234928 17.0139728704082
"158" 0.727204985916615 0.552670571953058 0.068352289730683 0.485866052331403 0.855208198772743 21.2336278475958
"159" 0.436724468367174 0.85403917520307 0.234267812455073 0.730777392396703 0.561662955908105 19.6571219540771
"160" 0.205869023455307 0.422961416421458 0.687470661010593 0.25334446458146 0.603156650206074 6.30805439606452
"161" 0.92591879144311 0.723000991623849 0.787552733672783 0.1891898305621 0.18919876893051 12.3074203449664
"162" 0.426520426757634 0.989722281694412 0.805361818987876 0.51336018787697 0.0356670690234751 16.6665040049482
"163" 0.84124289220199 0.325612698215991 0.524555334122851 0.759129797108471 0.0351067893207073 15.9821502990189
"164" 0.90097664645873 0.0180401601828635 0.688549430808052 0.553745793644339 0.471311433473602 8.75540837606555
"165" 0.616554985754192 0.81546545936726 0.66276296810247 0.169816727284342 0.136830088682473 13.8643749343033
"166" 0.470115544041619 0.312112384475768 0.495845353463665 0.275890205055475 0.215773997828364 9.50351893376217
"167" 0.958495391532779 0.695594870718196 0.973782174522057 0.528214686783031 0.385161933023483 22.5893566695307
"168" 0.0988525815773755 0.0447069592773914 0.406721479725093 0.607762485044077 0.109715390019119 6.2225673440271
"169" 0.163612649543211 0.959427571389824 0.601598084438592 0.499800691381097 0.254594210069627 10.639672835274
"170" 0.456429357873276 0.335702824406326 0.270920609589666 0.623892361065373 0.362455836264417 13.6586785318172
"171" 0.29730625031516 0.922351598273963 0.603873199550435 0.809410686837509 0.829132532002404 18.5831801141068
"172" 0.797444386640564 0.539250646019354 0.63149854564108 0.139120556879789 0.0952780093066394 10.8434826949343
"173" 0.694581525633112 0.890224825125188 0.981728168902919 0.883949973853305 0.820279725128785 27.3649703918683
"174" 0.540652522351593 0.307503528427333 0.0850815873127431 0.466670355061069 0.0602903761900961 13.919812952686
"175" 0.462721676332876 0.642646531108767 0.327368149068207 0.536088526481763 0.625152072636411 16.4211726389345
"176" 0.340588447405025 0.386474067112431 0.674353669863194 0.386517340317369 0.42620656080544 10.9984591740916
"177" 0.590491356095299 0.00775542762130499 0.458433250198141 0.950220699654892 0.512139666592702 13.1066820852216
"178" 0.0782491352874786 0.40011966205202 0.203952996991575 0.459927333518863 0.830172567395493 11.4565964221854
"179" 0.264762587146834 0.016537873307243 0.32822203496471 0.428430426400155 0.663035769946873 7.92578321235902
"180" 0.349875569343567 0.078262297436595 0.685407085344195 0.716007996816188 0.611822003964335 11.4550029193905
"181" 0.40314079192467 0.0415504863485694 0.667727367486805 0.470002424903214 0.0874685146845877 7.56406152778828
"182" 0.331897671800107 0.0115721798501909 0.978881385875866 0.609347998863086 0.429248811677098 12.6446811665881
"183" 0.625999548006803 0.778987690806389 0.305716668255627 0.30620006704703 0.41753040952608 16.0068833670577
"184" 0.122982438188046 0.423253042856231 0.230883561074734 0.224801331060007 0.82087635435164 9.23226993284789
"185" 0.978121828520671 0.334285972639918 0.765794676262885 0.436176285380498 0.738174020545557 16.5304751637557
"186" 0.670202526031062 0.716034980025142 0.203034926671535 0.940010671736673 0.62321547861211 23.4187520882764
"187" 0.590429765405133 0.867546911817044 0.672807456692681 0.161188818048686 0.843158920295537 14.7636929494705
"188" 0.397061137482524 0.853207149775699 0.0724873023573309 0.819636629428715 0.871821285691112 24.6626398887689
"189" 0.540418815566227 0.0992195811122656 0.0925387050956488 0.0250338381156325 0.995671132113785 11.3932463874777
"190" 0.747052680002525 0.949293413432315 0.183354560285807 0.853684827219695 0.558988693868741 21.7935491724443
"191" 0.87929642223753 0.242804892593995 0.178965270519257 0.777407518122345 0.026453941129148 16.0746043461891
"192" 0.69661456416361 0.731955317314714 0.914406053256243 0.404536636080593 0.815998590318486 22.3478248207548
"193" 0.928758944617584 0.640661593526602 0.235219385009259 0.718339866260067 0.118209621403366 17.8125279412385
"194" 0.907819430809468 0.589172158390284 0.074511565733701 0.128198362886906 0.241876383544877 15.8985790982075
"195" 0.326055798213929 0.0360491315368563 0.191893488867208 0.450273025780916 0.0158463632687926 5.13864271798899
"196" 0.565374632133171 0.780547585105523 0.746511573437601 0.0103880977258086 0.776958234841004 15.3147492847611
"197" 0.188591994578019 0.837048417655751 0.457029186189175 0.747060971101746 0.274263195693493 11.8608696868567
"198" 0.360450829844922 0.501856117509305 0.724660659441724 0.877606632886454 0.977194234728813 19.7799681566425
"199" 0.870621784124523 0.887818249640986 0.952518862206489 0.169492361601442 0.743221226148307 17.0201947856775
"200" 0.643665959127247 0.638868335867301 0.960927028674632 0.0977741512469947 0.599814178654924 16.5785663634671
"201" 0.52985205873847 0.513593879994005 0.182260213419795 0.689414450665936 0.602842271095142 19.8944623435861
"202" 0.252169319428504 0.221488849027082 0.964097722433507 0.547038440359756 0.486386250704527 14.0868705420821
"203" 0.673716074321419 0.695125863654539 0.194869788596407 0.0733598410151899 0.159010697854683 15.0210205091826
"204" 0.720176897244528 0.200080253882334 0.0637267373967916 0.301956274779513 0.298227141145617 13.292790166858
"205" 0.436218340182677 0.392739485250786 0.936906210845336 0.613170000026003 0.99963347800076 21.1262908957586
"206" 0.836957096355036 0.616659689694643 0.296096918871626 0.469247701112181 0.146578939631581 15.705224086119
"207" 0.801416903035715 0.296471737790853 0.37102890573442 0.203365554567426 0.655267632100731 11.1587012290945
"208" 0.68272395292297 0.495159381069243 0.286804776405916 0.171147150686011 0.937867269152775 16.0004308520963
"209" 0.490050718421116 0.848174213897437 0.256116603501141 0.653914918657392 0.990359701681882 21.6711062042224
"210" 0.356993078021333 0.760306788375601 0.978202455444261 0.420797818573192 0.259521562140435 16.6903143051721
"211" 0.658772018039599 0.861867289990187 0.114835627377033 0.20139248482883 0.977446014527231 21.8276020427237
"212" 0.217963954200968 0.508152529364452 0.180728795472533 0.434886829229072 0.370339984307066 12.2893282949804
"213" 0.442188028246164 0.965163701679558 0.334756290307269 0.781938549131155 0.982610578648746 23.4453242532719
"214" 0.336196626303717 0.725126825273037 0.905463700881228 0.841982057318091 0.257220985833555 20.1518101019199
"215" 0.715020233998075 0.283091187244281 0.412054922664538 0.645533269504085 0.192897168220952 14.5488788843074
"216" 0.989750019274652 0.454738663509488 0.0874302661977708 0.658984425477684 0.372117716819048 21.4346743478195
"217" 0.445796326268464 0.248311006464064 0.788714694790542 0.114723775302991 0.248078228672966 7.3844147995499
"218" 0.687106987694278 0.0930361729115248 0.888282216852531 0.546104879118502 0.039284439990297 9.9285043588246
"219" 0.521788539830595 0.445101429941133 0.547614658018574 0.426776342326775 0.799706538207829 15.6424991085553
"220" 0.636253844713792 0.419783463701606 0.854913594899699 0.357826884835958 0.722139889374375 16.9152054260003
"221" 0.709035623120144 0.944887639721856 0.11643578344956 0.406318837078288 0.321129963733256 16.4619235404506
"222" 0.807322580367327 0.91831954033114 0.0859592845663428 0.919442487880588 0.270930215250701 21.5557271530485
"223" 0.668685730779544 0.842150197597221 0.932550871744752 0.417858816916123 0.939540267921984 22.7349199948478
"224" 0.742761042201892 0.778078968403861 0.917295479681343 0.0458541724365205 0.139791995519772 16.2716203066871
"225" 0.110512706916779 0.574929747264832 0.13424988090992 0.916631384752691 0.152840134687722 15.7999919965496
"226" 0.774573436006904 0.784631815040484 0.630359985632822 0.769983041565865 0.0577336060814559 17.5326058787224
"227" 0.409594548633322 0.832654982339591 0.958069908665493 0.527064069639891 0.649596570758149 22.3347265065027
"228" 0.618040488101542 0.867922338657081 0.501115902327001 0.504683293169364 0.926765858894214 19.5972228744223
"229" 0.901538240490481 0.908007042249665 0.0581409870646894 0.315158751094714 0.766257822746411 15.7577307138562
"230" 0.305642945924774 0.328423018334433 0.805689006112516 0.78919536457397 0.271386997774243 14.5974733451921
"231" 0.0338108553551137 0.597777103073895 0.82444412750192 0.58919069240801 0.000279774889349937 8.21521412484743
"232" 0.468602811917663 0.240653054555878 0.776083418400958 0.623464250471443 0.37182906945236 11.980021086535
"233" 0.808780867839232 0.590820689452812 0.577820085454732 0.981040407903492 0.38123427843675 22.3249244128247
"234" 0.75956309447065 0.29092736216262 0.155528647825122 0.741745024453849 0.403971494408324 19.6527374769702
"235" 0.0884411421138793 0.578328743344173 0.863175793085247 0.293593215290457 0.0538154095411301 6.7966205880151
"236" 0.507095646578819 0.34240578697063 0.567294236971065 0.165960526792333 0.636994963977486 10.7704872802954
"237" 0.424298492260277 0.691197609528899 0.534682479687035 0.623227434698492 0.236224917694926 16.3202459816768
"238" 0.0141408946365118 0.307635343633592 0.0893150197807699 0.0423556871246547 0.350789536256343 5.27038236148754
"239" 0.302799945697188 0.105611692881212 0.729166387114674 0.991812539286911 0.395402495050803 12.9104544409691
"240" 0.656838383758441 0.48935214872472 0.977619893383235 0.751134607940912 0.696935389656574 24.9635765579005
"241" 0.050490798894316 0.719438966130838 0.233178908238187 0.282077296171337 0.201748644467443 6.76918733525258
"242" 0.819197215372697 0.192260921467096 0.783053432125598 0.713089916622266 0.169710475485772 14.0784526964413
"243" 0.336180520011112 0.81180158816278 0.75349435955286 0.373452023137361 0.352107988903299 16.1377315778049
"244" 0.044072717661038 0.308777563041076 0.22894803294912 0.211850736523047 0.775732516311109 8.01139696971802
"245" 0.735511165345088 0.566647557541728 0.916060293558985 0.0185178127139807 0.588279065443203 17.2007552670786
"246" 0.499260611366481 0.546373827382922 0.869286456843838 0.469274466391653 0.180497031891719 15.4575976086005
"247" 0.559948377078399 0.222712648101151 0.60634208470583 0.969941472634673 0.996160248294473 16.0486507442782
"248" 0.97842306480743 0.72063014889136 0.989655219949782 0.750732090556994 0.83219424658455 25.2722218524227
"249" 0.305777394445613 0.924228892894462 0.598838539328426 0.745987492147833 0.352008422603831 16.6820922043908
"250" 0.131482254248112 0.445424439618364 0.144677452743053 0.710396759677678 0.428634275216609 12.7197063482495
"251" 0.317966489121318 0.560247435700148 0.46123199746944 0.0617367904633284 0.450691902311519 6.86275084653352
"252" 0.136870727175847 0.336661851266399 0.994385288562626 0.0455490755848587 0.203028064919636 8.32403976574621
"253" 0.202150772092864 0.213143866043538 0.381920933490619 0.00483207195065916 0.272766047390178 4.04441815970239
"254" 0.207202952122316 0.700212548254058 0.587272616336122 0.759806414833292 0.667969790520146 16.2509530529371
"255" 0.658267222344875 0.964132808614522 0.00954117602668703 0.210192496189848 0.561481233453378 19.3165084800842
"256" 0.0609223677311093 0.789258331758901 0.305898202583194 0.246044063940644 0.0165998626034707 4.33506877492156
"257" 0.0805802482645959 0.376957370433956 0.520590467378497 0.889601918170229 0.502958418335766 13.5586359245433
"258" 0.967595670139417 0.406195979332551 0.0758331227116287 0.68015271727927 0.645226826658472 22.5047068185992
"259" 0.674963613040745 0.508637429447845 0.00516770593822002 0.506436964962631 0.89735606405884 23.8204622429569
"260" 0.538097148761153 0.646458378061652 0.14008497283794 0.0867030145600438 0.82725319173187 16.587877424079
"261" 0.142467127647251 0.0119570577517152 0.0286664597224444 0.212874211138114 0.403219331754372 8.99130804629016
"262" 0.946874403394759 0.136060842080042 0.821175714489073 0.763490519020706 0.334865669719875 14.0909431151831
"263" 0.580229787388816 0.0466974449809641 0.896934601711109 0.827568558277562 0.532688992796466 15.2730966193786
"264" 0.416616400470957 0.613490216666833 0.859189409995452 0.408088244032115 0.640021539991722 16.7276805349028
"265" 0.733505932381377 0.187347682891414 0.509430187288672 0.857570965075865 0.525610937736928 15.9176658108407
"266" 0.152208739193156 0.776986896060407 0.395578905940056 0.0654917189385742 0.394678427372128 7.58925307477865
"267" 0.469153203070164 0.568770615151152 0.974816508591175 0.554137064376846 0.511022196151316 19.5471273665744
"268" 0.734191659139469 0.315750054083765 0.870087345363572 0.748724518110976 0.959670605836436 22.3249346308662
"269" 0.584051772020757 0.000824646325781941 0.435068846214563 0.161465323995799 0.919848727062345 5.73845025313189
"270" 0.837865572655573 0.0442976010963321 0.505745766218752 0.332437464734539 0.0142236987594515 4.56723976091757
"271" 0.0104464755859226 0.510641248431057 0.625328578287736 0.941867062589154 0.337610382353887 11.7177373179634
"272" 0.400513337925076 0.413927880581468 0.53461811854504 0.333565066801384 0.822690857574344 13.492334668194
"273" 0.180024298839271 0.701138738542795 0.252003874164075 0.225092215230688 0.944424572400749 12.7711513798884
"274" 0.475640944670886 0.214282251661643 0.971348396036774 0.141264468897134 0.101372066652402 8.6999479864168
"275" 0.0570111426059157 0.297277263132855 0.777629428775981 0.43688597669825 0.140321023762226 7.19377741701222
"276" 0.171890356345102 0.612015944439918 0.0971518303267658 0.910942454822361 0.00626286584883928 14.1982806228079
"277" 0.743414100492373 0.818051195703447 0.801248009549454 0.102978036971763 0.88378095952794 16.3258311296639
"278" 0.720063632819802 0.619561712490395 0.0356055237352848 0.329750449862331 0.629323458299041 20.7548612336012
"279" 0.328509909333661 0.428810960613191 0.902562365401536 0.749459081562236 0.211083127418533 15.5281851739802
"280" 0.472968731541187 0.486431943252683 0.538682117592543 0.37155564269051 0.180498735513538 12.4419930614146
"281" 0.15147110610269 0.183880128897727 0.0462019513361156 0.374619282316417 0.917098252335563 12.9316578634314
"282" 0.124546501552686 0.308090058388188 0.902233852539212 0.123297241516411 0.14575656154193 4.28378600835358
"283" 0.71828059386462 0.940976285608485 0.33805114030838 0.486230087466538 0.953068393515423 18.3919617404464
"284" 0.870138787198812 0.616671040421352 0.27976783644408 0.32000095420517 0.410666653187945 16.6443770860083
"285" 0.603512264089659 0.319503393955529 0.0978857858572155 0.71335527068004 0.125936823897064 15.7747903600043
"286" 0.534534030361101 0.679250965826213 0.0222378007601947 0.491722015663981 0.214709634426981 19.7257078960146
"287" 0.346809030743316 0.545488681411371 0.165471500018612 0.691302067833021 0.338796449592337 17.3474823791305
"288" 0.186208892147988 0.699023228371516 0.957547120051458 0.271799898939207 0.112705622566864 10.3596789489848
"289" 0.479413548251614 0.261300618760288 0.642345300642774 0.633445165120065 0.224888197844848 12.4111059262362
"290" 0.167059221537784 0.436773196328431 0.420029540313408 0.081340566277504 0.70155995269306 6.19170276083907
"291" 0.872915781801566 0.37577003845945 0.309170550433919 0.0264822768513113 0.862466596532613 13.0253881262048
"292" 0.764084803173319 0.85436586337164 0.167993887560442 0.986561790341511 0.135761390440166 19.7983329838216
"293" 0.21574879437685 0.77327228221111 0.402821890311316 0.519702198682353 0.0634488763753325 12.0263151257408
"294" 0.0343030863441527 0.545902650337666 0.946212418843061 0.820363544858992 0.541224026121199 15.9539882441984
"295" 0.72622553864494 0.647332904161885 0.548512297216803 0.20113543397747 0.364988561021164 13.4901258310688
"296" 0.742518082261086 0.0658651895355433 0.0333235911093652 0.0928563382476568 0.962436103960499 13.715981213803
"297" 0.809211295330897 0.653811670606956 0.924981350312009 0.0923583838157356 0.674538599094376 18.1662473465705
"298" 0.675327434437349 0.92915184609592 0.188919176580384 0.380133442115039 0.431832616915926 18.0494731285921
"299" 0.676066070096567 0.860548804048449 0.366718678269535 0.0370218062307686 0.863726119045168 15.9689481358767
"300" 0.675899449968711 0.797803825931624 0.474016331136227 0.590097103733569 0.0886434649582952 15.2439638297462
"301" 0.38318205322139 0.213363927556202 0.1933409916237 0.603995759505779 0.043891514884308 11.0018999527103
"302" 0.44992324966006 0.969357035122812 0.825629259692505 0.974084093468264 0.0356904058717191 21.6827392998945
"303" 0.467823995277286 0.727770710829645 0.191503502428532 0.203424387378618 0.137140922015533 13.0878871976771
"304" 0.795919665135443 0.34396352735348 0.32488169753924 0.0206010118126869 0.208981908392161 7.6406818933754
"305" 0.712177604669705 0.144011767581105 0.749985164729878 0.0719206603243947 0.602695978945121 8.43507803079679
"306" 0.234388065058738 0.138557519763708 0.987604682100937 0.569371455349028 0.0262051350437105 10.0368886670418
"307" 0.690941053209826 0.845946103567258 0.70467195357196 0.953908217838034 0.865515311481431 24.903967311024
"308" 0.693596416618675 0.571411172393709 0.707007728749886 0.559228124562651 0.574655676260591 18.0222105107529
"309" 0.471707723103464 0.570485441945493 0.977124045835808 0.0612548952922225 0.605869787512347 13.8727031975594
"310" 0.505704729584977 0.485697905300185 0.0464283376932144 0.942088666139171 0.0753947964403778 20.6634753709288
"311" 0.386575155891478 0.151276330230758 0.220683501567692 0.424307011300698 0.941205815412104 11.8060913515557
"312" 0.201049929484725 0.732385592535138 0.627171311993152 0.333092198707163 0.0513522860128433 8.56335813636921
"313" 0.192793248686939 0.871319835074246 0.349627661285922 0.845235706306994 0.620363812427968 19.4465808481519
"314" 0.602447112556547 0.454476065235212 0.392489137826487 0.156708339927718 0.3697368435096 13.1549706247179
"315" 0.0667559809517115 0.516090937890112 0.852571294177324 0.707853983622044 0.551165752345696 11.1920296608859
"316" 0.693167362594977 0.647604308789596 0.49540962302126 0.47936891275458 0.445503560360521 16.6259632443372
"317" 0.494801918743178 0.72471254109405 0.0799255876336247 0.774921713164076 0.916628776583821 24.0791709850761
"318" 0.589780316222459 0.96284902584739 0.876788785448298 0.22961871814914 0.649410048499703 18.6276177797961
"319" 0.468906608177349 0.0918242861516774 0.312628373270854 0.337314251577482 0.0761990598402917 4.08440818171078
"320" 0.252191905165091 0.452288063475862 0.295284098712727 0.185450563905761 0.785465690307319 9.68836104391565
"321" 0.541078945854679 0.730709372553974 0.221779109211639 0.964912702096626 0.901716187596321 26.4043003922897
"322" 0.212158240843564 0.362915082136169 0.198666996788234 0.708632815862074 0.134984724223614 13.0536654927406
"323" 0.817380813416094 0.780548718292266 0.699847935233265 0.455886541632935 0.10531860566698 13.6147623098389
"324" 0.00827224226668477 0.0392387302126735 0.468642465071753 0.434068334987387 0.177532284287736 5.20220335444526
"325" 0.339176398934796 0.604245674097911 0.285837712697685 0.640671938890591 0.0264629074372351 13.5153712893033
"326" 0.419778109062463 0.625295462785289 0.539646203629673 0.751630436629057 0.454818530706689 17.5513002883246
"327" 0.0924764114897698 0.173909059260041 0.351199126802385 0.457668403629214 0.821479585487396 7.54219233627641
"328" 0.518190423725173 0.389736272860318 0.89601966436021 0.537059465888888 0.255134087055922 16.3606039731664
"329" 0.895420651882887 0.829488683026284 0.234591925051063 0.24424555292353 0.273807852063328 10.8455600785939
"330" 0.22590408148244 0.567461665254086 0.421885944437236 0.978366596624255 0.782084202859551 16.3237136377862
"331" 0.763371498556808 0.0154557540081441 0.476962042041123 0.854641118552536 0.766820451710373 13.3918708206572
"332" 0.716849324060604 0.784110329812393 0.742142258444801 0.639968262519687 0.413832730613649 19.9439202607361
"333" 0.911758369067684 0.758476423332468 0.139547330792993 0.777455214876682 0.849241998046637 21.3191511232954
"334" 0.873480788664892 0.311779232230037 0.858183542499319 0.436518014408648 0.818665331695229 17.2637377107
"335" 0.267857305705547 0.806589150102809 0.913861757144332 0.0128566618077457 0.733095359290019 12.5485698195028
"336" 0.843048361362889 0.707121997373179 0.987159473821521 0.543711971957237 0.512827216414735 22.1143182440124
"337" 0.699155170703307 0.944644154515117 0.93549610581249 0.652764642378315 0.23973050666973 20.6452852829406
"338" 0.203181165968999 0.100993441650644 0.215662666130811 0.792682019760832 0.967525594867766 13.7962663170165
"339" 0.891623229254037 0.818795769009739 0.352165715070441 0.222500121919438 0.67772044450976 13.2514838347823
"340" 0.985307717463002 0.0637066813651472 0.623300240607932 0.48668429418467 0.957976803416386 12.5916532262256
"341" 0.937620738521218 0.00863796332851052 0.950998167041689 0.436372129013762 0.154723359504715 8.39447224340464
"342" 0.76909140823409 0.587930666282773 0.302490034839138 0.411490516737103 0.469357945490628 17.6628143268775
"343" 0.932448221836239 0.365623241057619 0.980713188881055 0.917080977931619 0.486447365954518 24.6474354432228
"344" 0.358931271592155 0.211289608385414 0.177648450247943 0.553836454171687 0.456270702183247 12.7836088252089
"345" 0.100561725208536 0.0162336674984545 0.789652443258092 0.539208886446431 0.11458086501807 6.30685720098044
"346" 0.452778465347365 0.054051753366366 0.986595877446234 0.119656287366524 0.628816495183855 9.83867538526592
"347" 0.0812390297651291 0.875111226458102 0.202440286520869 0.736880052834749 0.362380111124367 11.4634997209183
"348" 0.823882902273908 0.849630401004106 0.492827813373879 0.618578274501488 0.063345767557621 14.7745890467636
"349" 0.0233658426441252 0.70881861471571 0.515167471719906 0.291248218622059 0.419256537687033 4.75067822148488
"350" 0.571697326609865 0.762520253658295 0.355901040602475 0.49707870837301 0.770094273611903 19.4199802117091
"351" 0.0594524787738919 0.51389094023034 0.918138402979821 0.735725066857412 0.51962100691162 14.5107476390995
"352" 0.385694262804464 0.289985921466723 0.503588538849726 0.915837387787178 0.523109621135518 15.5507548970383
"353" 0.330973921343684 0.101478858850896 0.652555880602449 0.316759106935933 0.297081027645618 6.45061201064599
"354" 0.359247030923143 0.873538648709655 0.504426658619195 0.195286899805069 0.460095762275159 13.0953761652069
"355" 0.950489089824259 0.336341251851991 0.423391894437373 0.600298843579367 0.0211765125859529 16.2324347045221
"356" 0.647252455586568 0.359714778140187 0.589234659448266 0.192816987168044 0.846215885598212 13.2113548554192
"357" 0.930073699448258 0.381875133607537 0.714523165486753 0.718824382172897 0.262409755494446 18.1153312960506
"358" 0.83727835281752 0.776470924727619 0.447497074957937 0.211265565361828 0.0962093833368272 11.7208160408412
"359" 0.420842639636248 0.872912468155846 0.725143390940502 0.274643610464409 0.174121542600915 13.3666679744328
"360" 0.142650766763836 0.347475746180862 0.645661358954385 0.440312277991325 0.538089016219601 8.57887638068573
"361" 0.275241488590837 0.793941866140813 0.0485788588412106 0.318184901960194 0.518037991132587 12.9589121800305
"362" 0.363918268121779 0.712436310248449 0.0592060345225036 0.17325179441832 0.875757172005251 17.6344013639235
"363" 0.729425236117095 0.143878388218582 0.282942697172984 0.394696319941431 0.0178564104717225 7.99957226603632
"364" 0.677918213885278 0.0700566910672933 0.840343601768836 0.590446974150836 0.712922006612644 12.6036224350777
"365" 0.611300178570673 0.574085785541683 0.969382470240816 0.463745671324432 0.732597909634933 21.6695040826217
"366" 0.0468293067533523 0.353546927217394 0.521111387060955 0.757585241692141 0.252493312349543 9.80535141018249
"367" 0.0707412648480386 0.320034940261394 0.29679290833883 0.696301426272839 0.995381594635546 12.7360910455836
"368" 0.711537277325988 0.944015176966786 0.805978426709771 0.667785770026967 0.895095956046134 21.1870560155063
"369" 0.029467859538272 0.849480291362852 0.302070087753236 0.413204835029319 0.874275678535923 9.41526740523777
"370" 0.347924089524895 0.123530901735649 0.617807683069259 0.955550316022709 0.178936749696732 11.1841055853179
"371" 0.250305242370814 0.389766679843888 0.465744466520846 0.408834128407761 0.681371202459559 9.41123742510368
"372" 0.320392786758021 0.969802516745403 0.438587554497644 0.102589681977406 0.995968387229368 13.9178799221708
"373" 0.174933340633288 0.598704686388373 0.557248637080193 0.435239443788305 0.578931368188933 10.7152247957617
"374" 0.410186174092814 0.951120259938762 0.957754736067727 0.870281812502071 0.117546517169103 23.7171853040596
"375" 0.179346303222701 0.488732920726761 0.712416067486629 0.0345192388631403 0.965365925105289 9.21067468109391
"376" 0.244614373659715 0.945070089539513 0.181434764526784 0.597305541625246 0.922289893496782 18.6555976347924
"377" 0.385900001972914 0.0151226504240185 0.0368788305204362 0.803776310989633 0.528090056031942 16.4532520647091
"378" 0.360833907267079 0.129709310363978 0.0557687329128385 0.0850310178939253 0.802018381422386 10.8274298493388
"379" 0.194144273875281 0.785848466679454 0.120857190573588 0.217436363222077 0.780462976777926 13.2747802911671
"380" 0.422068962128833 0.337371525121853 0.567485068459064 0.250451367348433 0.753882660763338 10.7371763004552
"381" 0.0374529210384935 0.437202952802181 0.537658545654267 0.228765306062996 0.0296726464293897 3.73675559904987
"382" 0.869579300051555 0.694777167635038 0.581541805760935 0.846211914904416 0.0585193214938045 17.7023381292847
"383" 0.517676224466413 0.468482353724539 0.0796828006859869 0.451299062231556 0.311724445782602 16.9770702875768
"384" 0.838528963504359 0.539796665776521 0.739354669814929 0.194875749060884 0.137662628665566 13.044315594794
"385" 0.0320335519500077 0.853183516068384 0.628007936524227 0.730319273890927 0.075188270304352 8.93782419562974
"386" 0.427297033136711 0.566850095055997 0.988148348871619 0.853649540571496 0.171490859473124 21.4736481117441
"387" 0.863781086634845 0.810273287585005 0.534167084377259 0.0475474400445819 0.689275898039341 12.0858809367579
"388" 0.721145607065409 0.550970646319911 0.885274806758389 0.960688214516267 0.710933737456799 27.3969901310446
"389" 0.131317017832771 0.365899745607749 0.367966776248068 0.384191710269079 0.0243274034000933 5.20752071497016
"390" 0.193626442458481 0.871715311892331 0.260614967672154 0.36295827338472 0.49386383453384 11.6989531516787
"391" 0.759731531143188 0.974187412532046 0.543894137488678 0.450856543378904 0.841378258308396 15.6902532387713
"392" 0.590011018561199 0.295545166824013 0.729191859485582 0.240557744167745 0.568027646047994 12.3167037064684
"393" 0.443406463600695 0.410197245422751 0.279295304790139 0.0803414883557707 0.5783025783021 9.66699299074812
"394" 0.594018437899649 0.761476405430585 0.42586171021685 0.698077357606962 0.797048192238435 20.768809418422
"395" 0.12540117255412 0.576135480310768 0.383623112225905 0.0135732756461948 0.340192585950717 4.24670377893036
"396" 0.755043209297583 0.50397458486259 0.82384744938463 0.384430373320356 0.552685048896819 17.3769898828865
"397" 0.0996988348197192 0.917119671823457 0.477346439147368 0.491481948411092 0.872230691369623 13.3724764096143
"398" 0.392092230496928 0.221552352886647 0.66691237478517 0.543193113757297 0.826167006744072 14.5695881768933
"399" 0.599354699952528 0.210832816548645 0.194753263378516 0.262975950958207 0.870302040362731 12.0973479932314
"400" 0.28181819873862 0.677144958171993 0.346496185520664 0.0098016585689038 0.684454288333654 8.60976634797163
"401" 0.89160037226975 0.577500479994342 0.71277615451254 0.8302679983899 0.276596906594932 20.9575904460349
"402" 0.258284647250548 0.935320289572701 0.865546600427479 0.62573277996853 0.719180173706263 19.8638142342528
"403" 0.955458803568035 0.0979127704631537 0.353412489406765 0.194586858851835 0.0122821943368763 4.63110575114939
"404" 0.631211260799319 0.0599071506876498 0.156236646929756 0.396122429985553 0.932322477921844 12.9088599445086
"405" 0.32691501849331 0.645905541488901 0.23066437849775 0.995253870030865 0.704719277098775 21.493557829162
"406" 0.78806870453991 0.864531382918358 0.329212951706722 0.666612242348492 0.280918319709599 18.9928648415525
"407" 0.334907048149034 0.736722617410123 0.521699513075873 0.678939446341246 0.0532501803245395 17.1565933767238
"408" 0.947804132243618 0.589772172737867 0.413790315855294 0.15300996392034 0.222819540649652 12.5435020850943
"409" 0.632360822055489 0.941363682504743 0.265520364511758 0.870974522083998 0.5061702048406 22.0144047997707
"410" 0.285318989073858 0.354848220245913 0.251942042494193 0.330959085840732 0.151611209847033 8.47358675687649
"411" 0.615141724934801 0.236502846237272 0.577940321527421 0.667984743602574 0.390514247817919 12.3038253118492
"412" 0.341023970860988 0.0233346184249967 0.25722669926472 0.801995847839862 0.134815545752645 10.22696745865
"413" 0.296915394021198 0.15702845598571 0.955068970099092 0.90644834539853 0.633987573906779 18.2248890608451
"414" 0.816631139488891 0.122898256173357 0.86481708730571 0.0257489387877285 0.664379928028211 8.25629212487562
"415" 0.82491979165934 0.818195116939023 0.242773699574172 0.392153938533738 0.184290438424796 14.4980514312898
"416" 0.685743794078007 0.422252561897039 0.0508010552730411 0.119856829056516 0.419529403327033 12.7090963748838
"417" 0.359921178780496 0.581836591707543 0.323528229724616 0.361460216576234 0.881644656648859 14.3738297357677
"418" 0.275844914838672 0.98761874390766 0.347665678942576 0.502679770812392 0.221873139729723 14.4584114263535
"419" 0.649541199905798 0.114911457058042 0.370850679464638 0.377792140934616 0.806919551221654 10.6908032360881
"420" 0.471992297796533 0.491455732146278 0.790092608192936 0.270612902007997 0.437438802560791 12.9603728563841
"421" 0.00837621069513261 0.0927484184503555 0.820458131376654 0.422281964216381 0.570856892038137 10.0664876042523
"422" 0.121394702931866 0.0178298312239349 0.892704960657284 0.52139419852756 0.162544247927144 7.84551482200644
"423" 0.54498544964008 0.86325356643647 0.98396057379432 0.40337000717409 0.57260837382637 22.326268802351
"424" 0.0134318752679974 0.981961271492764 0.193860587663949 0.139764909865335 0.651562773622572 7.85567147005553
"425" 0.491589999292046 0.345319381682202 0.916661471128464 0.60706735542044 0.218351097311825 16.0584243859166
"426" 0.166135760722682 0.619568963302299 0.120303422678262 0.602913143113256 0.611376259243116 16.2618705450653
"427" 0.769525307463482 0.118306221906096 0.715293411165476 0.275968789821491 0.0683650490827858 6.6317750373833
"428" 0.144232440274209 0.42887287423946 0.256243834970519 0.568939650896937 0.50790888746269 10.5771258991718
"429" 0.924640115583315 0.9562861782033 0.241086094640195 0.150672817137092 0.784297759411857 10.9891731709665
"430" 0.665525001939386 0.649944251170382 0.857040642062202 0.38685572729446 0.681199385551736 20.3926972415367
"431" 0.0210896851494908 0.689308550674468 0.987908677430823 0.347369991708547 0.14556469139643 9.63558166654745
"432" 0.446021033916622 0.823505613254383 0.725312259979546 0.197087984764948 0.443027695873752 15.5710793575908
"433" 0.874489968875423 0.941845235181972 0.151107115903869 0.788331472082064 0.946168290218338 20.9908736804091
"434" 0.746433359570801 0.124010164523497 0.209597574314103 0.686381165869534 0.1082235542126 11.853493655869
"435" 0.294156374176964 0.0881687612272799 0.519538102205843 0.438040037406608 0.629396247677505 9.27826585342282
"436" 0.260040823137388 0.26391791109927 0.420939902542159 0.331273177871481 0.123775431187823 5.65934039490676
"437" 0.872780136531219 0.897367782192305 0.0672479236964136 0.27760794875212 0.860742292134091 18.7961521825518
"438" 0.0605819057673216 0.191092059249058 0.842171687167138 0.302267740014941 0.520949813304469 7.84548030300187
"439" 0.99008200946264 0.740373624255881 0.524235608289018 0.531365715432912 0.0718408785760403 12.2247966382766
"440" 0.758934076409787 0.733446125639603 0.772444326197729 0.186269160825759 0.492031038971618 15.0735606410761
"441" 0.934605665039271 0.554669678211212 0.871208081254736 0.671120415674523 0.566346388310194 22.263443241701
"442" 0.305387314874679 0.039000237127766 0.552145343273878 0.124712192686275 0.964520877925679 7.23425796400773
"443" 0.813568036770448 0.350618137745187 0.270701648900285 0.721307424362749 0.17945142230019 16.4739466385103
"444" 0.0898258523084223 0.595467427978292 0.795912569854409 0.334393718279898 0.3241248189006 8.61872446929065
"445" 0.876220809528604 0.975559679791331 0.82772666006349 0.354337887605652 0.00355373066850007 10.9663471862203
"446" 0.154586173128337 0.776426212163642 0.729337560944259 0.33145136362873 0.168845867272466 9.06071661057383
"447" 0.403620403492823 0.569771701470017 0.868735400494188 0.576586866751313 0.0409268103539944 13.8424988228522
"448" 0.353771443478763 0.136747536947951 0.856801398331299 0.909691735869274 0.128933325409889 13.0469434669497
"449" 0.0207858609501272 0.567912189988419 0.0130370946135372 0.763263822067529 0.928176468703896 16.5029283443263
"450" 0.00181999267078936 0.0584844646509737 0.205279251560569 0.124517849879339 0.254322771681473 4.63464099093244
"451" 0.590130866272375 0.71588817005977 0.803720742929727 0.392424791119993 0.685426389565691 19.8647996731347
"452" 0.550259467447177 0.120138839585707 0.510788903106004 0.946113223442808 0.649159721331671 13.245033085321
"453" 0.0359875143039972 0.0780249093659222 0.674237030791119 0.926923875696957 0.267301102634519 12.5225061755241
"454" 0.339848596369848 0.290347533067688 0.809684930602089 0.224779454758391 0.998135196743533 11.887415941357
"455" 0.671022484777495 0.162632340565324 0.250234342180192 0.705888017313555 0.376273314235732 14.1153604994229
"456" 0.155742603354156 0.19798294105567 0.568729910999537 0.478131022071466 0.991383141139522 9.88352410899287
"457" 0.244551422772929 0.0629331609234214 0.614289718680084 0.47258417471312 0.124810819979757 6.46392538430768
"458" 0.736604360397905 0.706634316127747 0.111034605652094 0.367351341759786 0.408231415553018 18.6985419564578
"459" 0.979024325031787 0.508999972371385 0.318469358608127 0.384601717581972 0.107097788946703 15.2649028223244
"460" 0.225245533743873 0.238014790927991 0.6632025744766 0.364450050052255 0.324350247858092 6.55282294588099
"461" 0.0872541589196771 0.808920101961121 0.611070066923276 0.203993364935741 0.65694309445098 7.50815958432513
"462" 0.911322658881545 0.946316623361781 0.847658398095518 0.240845623426139 0.239758339477703 11.3488454496383
"463" 0.73021126864478 0.21943657239899 0.0893810344859958 0.0334223487880081 0.123836152954027 8.32379604040676
"464" 0.142967582447454 0.673369774594903 0.0280285766348243 0.590896249283105 0.610782130621374 17.4394443012717
"465" 0.0455883555114269 0.218140652403235 0.88931204401888 0.39637129730545 0.720678938785568 11.1753528958264
"466" 0.828133258968592 0.660371550591663 0.63831200869754 0.288510907441378 0.0229838867671788 14.4293916074444
"467" 0.508441229583696 0.684160510776564 0.512620015302673 0.0496346948202699 0.0514452669303864 11.1915965806716
"468" 0.706134164007381 0.0941362793091685 0.80835963296704 0.716260202229023 0.423029504483566 13.2280334768169
"469" 0.463235995033756 0.156896754167974 0.364198655355722 0.636437600245699 0.82286407565698 12.7649457554949
"470" 0.382577452575788 0.0870293111074716 0.842732248362154 0.711239913012832 0.595055663958192 13.6404114211624
"471" 0.670708996243775 0.621804236900061 0.174484584247693 0.454167626099661 0.740436334395781 19.8477980452878
"472" 0.949571228120476 0.729530608281493 0.684439549455419 0.236647253623232 0.351106484886259 13.5518296904797
"473" 0.206530135823414 0.683948145480826 0.0354415120091289 0.696085015544668 0.609924136428162 18.4753892252671
"474" 0.0214039832353592 0.536809774814174 0.811928318580613 0.159748538630083 0.0328404954634607 4.04344484259595
"475" 0.572778561152518 0.442645120667294 0.994364270707592 0.885623265290633 0.0318432119674981 21.9234896075346
"476" 0.249238147865981 0.298913709819317 0.107058222871274 0.106821713969111 0.523939579725266 8.6925248954265
"477" 0.981088394997641 0.288882569875568 0.614260972244665 0.676148518687114 0.908980022883043 20.3155559056273
"478" 0.461895823245868 0.231749965110794 0.716028999071568 0.527200717711821 0.403908861335367 10.9173474200071
"479" 0.0350524636451155 0.986160567263141 0.695960249286145 0.0457787152845412 0.838902339339256 5.8371313215924
"480" 0.985956570832059 0.484967240132391 0.271140212193131 0.525403304724023 0.278429686790332 18.5044446929648
"481" 0.258608915144578 0.619580027880147 0.502492046449333 0.75928467256017 0.229849236086011 14.8798534087016
"482" 0.309426803141832 0.94142361311242 0.653302483493462 0.8873413677793 0.827916706446558 22.858198954666
"483" 0.892616658005863 0.271713385125622 0.55986323626712 0.887042118236423 0.685407975455746 20.3512693263598
"484" 0.223339587915689 0.428645627340302 0.403361322591081 0.88529338198714 0.823797330725938 16.4044461535062
"485" 0.7234457496088 0.498481476912275 0.0888971476815641 0.43427853891626 0.6844948946964 20.0565630726424
"486" 0.547105215257034 0.569576856447384 0.687961837043986 0.505956189939752 0.972925123525783 19.4148123357552
"487" 0.955760798184201 0.379742940189317 0.483886745991185 0.617174620740116 0.360377566423267 14.578598406132
"488" 0.286199174821377 0.620112558361143 0.46420693397522 0.49373229383491 0.970865340670571 15.942064483368
"489" 0.631855926243588 0.528780820779502 0.802917063003406 0.497568180086091 0.97968833707273 19.070050757894
"490" 0.166020278818905 0.999222989892587 0.315780416596681 0.0899979718960822 0.62590457056649 8.38233299710189
"491" 0.173750200308859 0.277550213038921 0.333884912310168 0.149741324363276 0.00889130728319287 3.03621187768986
"492" 0.937766121001914 0.697221622569486 0.0458382188808173 0.473204590147361 0.898081645136699 22.4562085227823
"493" 0.362492939690128 0.0711527848616242 0.444137277081609 0.956973315449432 0.563161979895085 13.2839286206333
"494" 0.910545103251934 0.43486724817194 0.309035649057478 0.000297942897304893 0.312823076732457 10.7481369974555
"495" 0.35300659108907 0.639823206933215 0.321144703775644 0.270781982922927 0.744854042772204 13.1616298166201
"496" 0.30643295077607 0.937781642423943 0.731891974806786 0.123600175138563 0.111532227369025 9.7623911513101
"497" 0.896774555323645 0.93649159069173 0.991515559609979 0.583378857001662 0.0780747043900192 15.8237141424369
"498" 0.287879692623392 0.833064515143633 0.71516009606421 0.849442790728062 0.985847294796258 20.4934675572065
"499" 0.598988645942882 0.994495161576197 0.755627017701045 0.856817199615762 0.28122348873876 20.8597234424203
"500" 0.840157078579068 0.397499486338347 0.293736266903579 0.489486180245876 0.0726081908214837 14.4671635272355
